0. Candle:
01 02 03 04 05 06 07 08 09 10 11 12 13 14 15 16 17 18 19 20 21 22 23 24 25 26 27 28 29 30 31 32 33 34 35 36 37 38 39 40 41 42 43 44 98 8b 04 08

1. Sparkler:
01 02 03 04 05 06 07 08 09 10 11 12 13 14 15 16 17 18 19 20 21 22 23 24 25 26 27 28 29 30 31 32 33 34 35 36 37 38 39 40 41 42 43 44 C2 8B 04 08 01 02 03 04 7B D6 B1 34

2. Firecracker:
01 02 03 04 05 06 07 08 09 10 11 12 13 14 15 16 17 18 19 20 21 22 23 24 25 26 27 28 29 30 31 32 33 34 35 36 37 38 39 40 41 42 43 44 78 31 68 55 C7 05 00 D1 04 08 7B D6 B1 34 68 1D 8C 04 08 C3

3. Dynamite:
01 02 03 04 05 06 07 08 09 10 11 12 13 14 15 16 17 18 19 20 21 22 23 24 25 26 27 28 29 30 31 32 33 34 35 36 37 38 39 40 41 42 43 44 78 31 68 55 b8 7b d6 b1 34 bd a0 31 68 55 68 3e 8d 04 08 c3 
